function [BW,maskedImage] = segmentImage(X)
%segmentImage Segment image using auto-generated code from imageSegmenter app
%  [BW,MASKEDIMAGE] = segmentImage(X) segments image X using auto-generated
%  code from the imageSegmenter app. The final segmentation is returned in
%  BW, and a masked image is returned in MASKEDIMAGE.

% Auto-generated by imageSegmenter app on 24-Jul-2022
%----------------------------------------------------


% Graph cut
foregroundInd = [725656 725658 725659 725663 727814 727815 728892 729987 732129 733208 733230 735366 736443 736474 740758 740797 742915 744040 746153 746202 748310 749443 751605 752626 754845 756944 757008 758020 762336 762410 764571 765575 767731 767811 774206 778523 778613 781762 781853 782934 783918 786177 787157 788235 788337 792659 793632 793739 796868 796980 799142 801186 802382 803342 805623 806580 811025 811977 813053 814267 816290 817507 818449 821685 821828 823843 827080 827230 830316 830470 833555 833712 836952 837871 838947 843265 843437 846501 846677 847757 848658 852078 854056 855133 856398 859448 861800 865040 865922 870241 872397 872602 875634 875842 881242 882107 884482 886423 889882 890742 892898 895282 896363 898292 902610 903923 905003 905846 908243 911483 914723 917716 920953 922031 923365 924445 926348 927427 927685 932005 936061 938220 938485 941455 946045 947125 949012 952248 955765 956566 961165 961961 966276 968725 975990 977365 978148 981385 985703 986005 990020 992177 992485 995415 997885 1001889 1002205 1006206 1008685 1010523 1013760 1014083 1015918 1018403 1019155 1020234 1023471 1023803 1025629 1028123 1029948 1033523 1036421 1037843 1038923 1039659 1044323 1046135 1048643 1049372 1051883 1054768 1060523 1064481 1065923 1072403 1078512 1080670 1081043 1087523 1089304 1090383 1094003 1094701 1099403 1101175 1104412 1104803 1108729 1110203 1111283 1115205 1116683 1119923 1121681 1124243 1124918 1129643 1130723 1131395 1133553 1133963 1137203 1140443 1142186 1142603 1146923 1148662 1150163 1155137 1155563 1159455 1159882 1163122 1165928 1170680 1172402 1173920 1179318 1181036 1182558 1188591 1190116 1195066 1198302 1198753 1199832 1205855 1208470 1213868 1214489 1218806 1222506 1223586 1225281 1228516 1232225 1232835 1233911 1237623 1238229 1239306 1243624 1244101 1247943 1248419 1249021 1253339 1257057 1258735 1259814 1263535 1268449 1270011 1270607 1278161 1278649 1279239 1285125 1286794 1291603 1294348 1296507 1298080 1306220 1306717 1308875 1309458 1310537 1316432 1319171 1320250 1328883 1329386 1331042 1332626 1334280 1338022 1340754 1345071 1345578 1348816 1349386 1355292 1355861 1357451 1359097 1360176 1367163 1370970 1371481 1372045 1376364 1376877 1379600 1381193 1387154 1390390 1390910 1392549 1395785 1399545 1401702 1403339 1407656 1410337 1410894 1413050 1416811 1420049 1422764 1424920 1427603 1428158 1430841 1434632 1437315 1437868 1440553 1445422 1448108 1449739 1450814 1452425 1457821 1458369 1459980 1460528 1464298 1469694 1470241 1472398 1474013 1475635 1476169 1483192 1484803 1486430 1490199 1492906 1494518 1495596 1498302 1498835 1500993 1505312 1505858 1510707 1512334 1515025 1518262 1520420 1522050 1523127 1524739 1525815 1530131 1531763 1533369 1535526 1538238 1539842 1544160 1545794 1546317 1549032 1554947 1557106 1557668 1560343 1567897 1568462 1568973 1571700 1574368 1578176 1582495 1584082 1585159 1586813 1588970 1589474 1590553 1592208 1593790 1595446 1597602 1602421 1603000 1603500 1607812 1608394 1608889 1612713 1615363 1615951 1618108 1620756 1622425 1625067 1625068 1627820 1628301 1629978 1632615 1633215 1633692 1635849 1638007 1640769 1642318 1642321 1644475 1645553 1647242 1647710 1648787 1650942 1653714 1655257 1656332 1656333 1661267 1661726 1662802 1664959 1665581 1669277 1670354 1672055 1672510 1673132 1675748 1679596 1680677 1680683 1681140 1681759 1682838 1683298 1683919 1683920 1684375 1685000 1686532 1687161 1687609 1688241 1689321 1689766 1691483 1691921 1692563 1694074 1694077 1694723 1697304 1697307 1697964 1700126 1700525 1700537 1702286 1702684 1703756 1703759 1705527 1706607 1708064 1708066 1708767 1708769 1709135 1709138 1709849 1711291 1711292 1712009 1713090 1713448 1714173 1715592 1715600 1716333 1716663 1717414 1719896 1720654 1721735 1721737 1722051 1722818 1724207 1724981 1726063 1726360 1726361 1727433 1728226 1728227 1729583 1729589 1730392 1730393 1731476 1731478 1731734 1731740 1732810 1732813 1733641 1733644 1734730 1734733 1734959 1734960 1734963 1736026 1736028 1736036 1736894 1736897 1736900 1736902 1736905 1739067 1739070 1739072 1739075 1739230 1739235 1739240 1739252 1739259 1741240 1741243 1741247 1741249 1741252 1741255 1741258 1741260 1741264 1741265 1741274 1741277 1741278 1741288 1741291 1741294 1741300 1741301 1741308 1741315 1741323 1741328 1741332 1741337 1741340 1741344 1741347 1741348 1741356 1741357 1741360 1741361 1741370 1741376 1741379 ];
