function [BW,maskedImage] = segmentImage(X)
%segmentImage Segment image using auto-generated code from imageSegmenter app
%  [BW,MASKEDIMAGE] = segmentImage(X) segments image X using auto-generated
%  code from the imageSegmenter app. The final segmentation is returned in
%  BW, and a masked image is returned in MASKEDIMAGE.

% Auto-generated by imageSegmenter app on 27-Jul-2022
%----------------------------------------------------


% Graph cut
foregroundInd = [553870 553871 553874 553876 553879 554946 554948 557104 558184 558202 559287 560343 563581 563610 564694 566820 569022 571138 571184 573297 573345 575508 576535 576590 578753 579775 579834 581933 583076 585172 585237 585239 586252 586319 588483 590570 591650 591725 595970 597049 597128 600289 600370 602446 604692 605686 607935 608926 611175 616485 616577 618741 619723 620803 621983 625121 625225 627386 628361 630626 632680 633760 634948 637109 638080 643478 643591 645752 646716 648876 648994 650075 653195 654395 656435 658717 661833 661960 663992 664121 667232 667363 670603 672764 673709 676004 678027 680326 681267 681407 682346 684647 686809 689904 690050 692063 694370 695452 696381 698692 699619 700853 702859 704095 705018 707337 709499 713820 714734 717062 717971 719051 719224 722465 723370 725707 726608 727687 730029 732005 732189 734164 735430 737402 740640 742799 744074 746037 746234 747116 749477 751436 755751 755959 758990 760068 760280 761360 764387 764602 766763 767625 768704 771083 774102 774325 776485 777340 779726 780579 780808 782737 782968 784048 785976 787289 791373 792691 794611 795690 795934 798928 799176 801087 803496 804325 804576 807564 807817 810804 811057 814042 814297 815121 817539 818619 819439 821859 822676 824019 825915 827259 828073 828340 832660 835900 836710 837788 840220 841027 841302 844542 845345 846424 846703 850742 851023 854263 855060 855345 856139 858585 859376 860745 863695 863986 864773 867228 868011 871548 875568 875870 878806 879110 880192 880965 883432 884205 885283 885592 889914 890994 893919 894234 894997 896394 899635 900715 901474 902875 903955 904712 906117 910110 910437 913677 915508 916917 919827 920157 923397 925223 927717 929877 932778 933117 936017 936357 938518 941758 942838 943573 944998 945733 949318 950051 952558 953638 956528 959038 959766 960118 963006 964438 968758 969838 970561 973078 973799 975238 976318 977398 979558 980278 980638 982798 983516 983878 984595 986038 987118 991438 993231 994678 995390 997918 998628 1002238 1002943 1003318 1004399 1006182 1008340 1008719 1010879 1011959 1012659 1015199 1015895 1019134 1019519 1020599 1021292 1023839 1024531 1025609 1028159 1031008 1031399 1032085 1035324 1035719 1036799 1037482 1040039 1040721 1043279 1043959 1045439 1046118 1049759 1050434 1050839 1051919 1053672 1054079 1055159 1055831 1058399 1059068 1060559 1061639 1062307 1064467 1068119 1068785 1069864 1071359 1074599 1076340 1078919 1079578 1080657 1082159 1084977 1088639 1090799 1091453 1094039 1095119 1095772 1098358 1099009 1100518 1101598 1104838 1105485 1109158 1109802 1113040 1113476 1114556 1115199 1117796 1118437 1118876 1121675 1123196 1123834 1124276 1125356 1128149 1128596 1129676 1132468 1132916 1135706 1136156 1136785 1140476 1141103 1141556 1144341 1144796 1146500 1146956 1149738 1151276 1151897 1154514 1155132 1157754 1159451 1159914 1160994 1162074 1162687 1163766 1166394 1169164 1172401 1172874 1173480 1176114 1176718 1178877 1179353 1182112 1184753 1187510 1189073 1190153 1190747 1191826 1194470 1196142 1198790 1199381 1201536 1202030 1204190 1206934 1208510 1209590 1210171 1210670 1212830 1213408 1213910 1215566 1216070 1218803 1219310 1222550 1223120 1225277 1226868 1228514 1229028 1230672 1232268 1233909 1235508 1238227 1238748 1239304 1243067 1243622 1244147 1247941 1248465 1249018 1251705 1252255 1254413 1256025 1257104 1257652 1258730 1260344 1263584 1266824 1267367 1267902 1269526 1271142 1272764 1273302 1273843 1276541 1279779 1282478 1285714 1287337 1288417 1291656 1292190 1294896 1295429 1298667 1299214 1305691 1306220 1307851 1310539 1311090 1312170 1315410 1317568 1319175 1320251 1320807 1325125 1325649 1328888 1329443 1329965 1330522 1334284 1335918 1337522 1338601 1339157 1343999 1344554 1345076 1345633 1348871 1353189 1353712 1355868 1356428 1358586 1359106 1361825 1362903 1364504 1366660 1367222 1370462 1372620 1374217 1375296 1375859 1376937 1378534 1381255 1385573 1386090 1389327 1389889 1390968 1393644 1394206 1394723 1396366 1397961 1399605 1400683 1403358 1404436 1405002 1408753 1409317 1410396 1411988 1413633 1415227 1417385 1417949 1420622 1421187 1426020 1426586 1427097 1428742 1431415 1431978 1433570 1435216 1436809 1437373 1441691 1443847 1444363 1447599 1448166 1449244 1451918 1452483 1452993 1454640 1457310 1457877 1458389 1460034 1463785 1464862 1468667 1469180 1471905 1472415 1474572 1476222 1477301 1477810 1480539 1483778 1485363 1486442 1487016 1489679 1490254 1491836 1492411 1495649 1497229 1499388 1499968 1503704 1504286 1505861 1508016 1508601 1509680 1511253 1512332 1512918 1515077 1516648 1518315 1519394 1519885 1522043 1523712 1525869 1526359 1528515 1530184 1531754 1533421 1535577 1538228 1538814 1541464 1542052 1544700 1545289 1545779 1547445 1550095 1550683 1551172 1552840 1553331 1556078 1556567 1558235 1558723 1561960 1562553 1563038 1564709 1565787 1567355 1568431 1570104 1570588 1571180 1572744 1573819 1573822 1574898 1575499 1577055 1577655 1578133 1581370 1581971 1583049 1584606 1586764 1587366 1587841 1588443 1589997 1592761 1594314 1594918 1595390 1598156 1600788 1601391 1601864 1604628 1606183 1608339 1608944 1610023 1611576 1613260 1615416 1615894 1616970 1620814 1621890 1622368 1625606 1626207 1626209 1627763 1629446 1630522 1631001 1632679 1636398 1636994 1638073 1638556 1641310 1642875 1643955 1644546 1646112 1646703 1647192 1649941 1650431 1652096 1652591 1654253 1655829 1657491 1660149 1660728 1661228 1662885 1663961 1665548 1666119 1667196 1668786 1669352 1670431 1672024 1672588 1674184 1674744 1675820 1677423 1677976 1681211 1681741 1682289 1683901 1684446 1685525 1687139 1687681 1688759 1690379 1690915 1690916 1691458 1693072 1694144 1694148 1695778 1696301 1697376 1697379 1700098 1700611 1700613 1701178 1702768 1703843 1703846 1704418 1704921 1706578 1707078 1709232 1709235 1709818 1710307 1712464 1713058 1714615 1714618 1715694 1716298 1720618 1721082 1721086 1724938 1725395 1725397 1726017 1726019 1726471 1727099 1727100 1728178 1728626 1729258 1729260 1729261 1730339 1730341 1730782 1732499 1732503 1732504 1732933 1732937 1733579 1733584 1734005 1734007 1734008 1734011 1734666 1736156 1736159 1736161 1736827 1736828 1737231 1737234 1738988 1738990 1740464 1740467 1741150 1741151 1741535 1741539 1741541 1742234 1743690 1743692 1744395 1744397 1744398 1744399 1744401 1745484 1745485 1745489 1745493 1745844 1745847 1746917 1746920 1746923 1747654 1747657 1747658 1747661 1747663 1748746 1748751 1748754 1748755 1749073 1749074 1750149 1750918 1750920 1750923 1750926 1752007 1752011 1752015 1752305 1752306 1754178 1754179 1754182 1754184 1754188 1754189 1754192 1754457 1754461 1755273 1755280 1755281 1755285 1755287 1755531 1755534 1757455 1757458 1757459 1757462 1757689 1759843 1760710 1760711 1761997 1762000 1762875 1762878 1763959 1763963 1763965 1763969 1763971 1763974 1764154 1765055 1765060 1765063 1765064 1765067 1765072 1765076 1765078 1765081 1765225 1765226 1767245 1767250 1767253 1767257 1767374 1767375 1767380 1769419 1769422 1769425 1769430 1769433 1769436 1769514 1769517 1769519 1769522 1769525 1769527 1769531 1770519 1770522 1770528 1770531 1770535 1770536 1770539 1770541 1770544 1770547 1770548 1770553 1770556 1770559 1770560 1770563 1770566 1770568 1770572 1770573 1770579 1770582 1770589 1770591 ];
