function [BW,maskedImage] = segmentImage(X)
%segmentImage Segment image using auto-generated code from imageSegmenter app
%  [BW,MASKEDIMAGE] = segmentImage(X) segments image X using auto-generated
%  code from the imageSegmenter app. The final segmentation is returned in
%  BW, and a masked image is returned in MASKEDIMAGE.

% Auto-generated by imageSegmenter app on 27-Jul-2022
%----------------------------------------------------


% Graph cut
foregroundInd = [507422 507423 507426 507427 507430 507432 510660 510672 511739 513913 514977 517155 519294 520373 521477 523611 524719 525770 525800 529010 529040 531201 532248 533328 534443 535524 536567 538727 538764 540926 541967 543045 544167 546285 548487 549524 550604 550650 553842 553890 554971 556002 558211 559241 559293 562533 563559 564693 565773 566797 570037 574355 577594 578674 582994 585152 586232 588392 589471 592711 593790 600270 603508 606748 607828 616466 620784 626183 628343 629423 637048 637052 637053 637055 637060 637061 637064 638123 638126 638145 638148 639230 640280 641356 641391 641393 642474 643513 644592 644637 645719 646750 647829 648963 651069 651126 653228 653290 656533 657546 657615 660784 660858 662944 665179 666183 666263 670585 671581 672661 675899 678059 678150 681299 681393 682378 685715 686798 687777 690039 692097 694359 695334 696521 697494 698527 698529 699762 700686 700687 700732 700844 701766 703924 703972 704084 705004 706245 707211 708243 709371 709488 710401 711481 712609 714720 714888 715849 716880 718008 719210 720120 721248 722326 723360 724612 725566 726600 729885 732045 734334 735285 739735 740682 743922 744055 745000 748240 749457 752558 755798 755939 756877 759179 760117 760259 762276 766596 766741 769834 769981 770914 772141 775232 775381 778622 779551 783869 787109 787262 788188 788344 791428 793586 795904 796826 802384 803304 805624 807623 810863 811940 812106 813186 815180 816426 818419 818586 820579 821826 822906 823817 826146 827057 827227 829215 830467 834614 834787 835867 838934 840189 843252 843429 845589 846492 848829 849730 851889 852071 855129 855311 857471 858367 859446 860711 862686 863951 864845 868083 868273 871323 874561 874753 877800 877993 879075 881038 882315 883198 884475 886436 890955 892913 893115 896153 896356 897231 899596 900470 906076 906945 910396 911265 913423 916662 917958 919900 920118 924218 927680 933080 936320 938251 941491 942801 946890 947968 949281 951207 952521 955525 958763 959003 959842 960083 963323 964160 965240 968479 968723 973043 973875 976033 976283 979271 979523 986003 986830 990068 990323 995723 1003283 1009763 1015163 1018133 1022451 1024883 1028928 1030283 1032166 1035683 1037843 1039722 1041881 1042163 1046483 1049436 1049723 1050515 1050803 1053753 1054043 1057283 1059152 1060523 1063763 1064548 1067003 1068866 1069946 1070243 1072403 1076421 1078883 1079659 1083202 1083977 1087215 1088602 1094770 1095082 1098008 1102325 1103402 1103722 1107720 1110957 1112036 1114520 1116354 1117430 1121000 1121749 1124986 1126064 1129640 1131461 1134699 1135038 1139016 1140094 1141518 1144410 1147648 1149805 1152316 1153043 1157359 1157716 1160596 1161675 1164196 1167071 1170309 1172466 1172834 1175704 1177861 1179314 1182178 1184714 1185415 1188651 1190810 1191192 1194047 1195125 1198752 1199442 1203760 1206309 1208077 1209155 1211707 1213472 1216709 1217787 1218185 1221023 1223182 1225744 1226418 1230736 1231813 1232222 1233302 1236131 1239368 1241938 1242604 1246923 1247999 1248416 1249496 1252316 1255554 1257055 1257709 1260293 1260946 1263105 1266341 1266771 1268498 1270009 1277133 1277568 1279289 1282527 1282966 1284684 1287922 1290079 1291604 1292682 1293314 1297633 1298709 1300241 1303028 1305184 1305639 1308421 1311657 1313197 1314894 1315973 1320289 1321832 1322446 1325683 1327230 1327839 1331078 1333708 1335394 1337551 1339105 1340789 1345105 1347262 1348821 1350981 1351580 1352657 1356974 1358052 1358537 1362368 1363444 1363934 1366092 1367763 1368839 1373156 1373650 1374729 1375312 1376389 1378548 1379625 1380127 1381783 1383940 1384446 1388258 1389334 1390921 1391490 1394161 1395239 1395808 1396885 1397398 1400637 1401202 1402278 1403875 1404437 1405514 1406031 1407672 1408749 1410348 1410908 1413586 1416300 1418458 1422772 1423850 1424378 1425456 1426007 1428163 1428693 1431398 1433008 1433555 1434087 1434633 1436790 1438946 1439482 1440024 1442181 1443258 1443798 1444877 1445416 1447573 1448114 1448650 1450270 1450808 1453509 1455665 1457281 1458360 1460516 1461062 1462140 1464832 1465377 1465909 1468067 1469144 1469693 1470771 1473461 1474539 1475088 1476696 1478326 1479933 1480483 1481011 1483168 1483721 1486406 1488038 1488563 1489116 1493433 1493958 1495035 1495590 1498828 1499353 1502589 1503144 1504223 1504746 1507983 1508539 1509617 1510141 1513378 1516615 1517172 1518249 1518773 1522010 1522567 1523089 1525804 1527404 1527962 1530641 1532279 1533358 1533879 1536035 1537674 1539272 1540911 1543590 1545229 1545747 1546305 1548983 1550621 1553301 1553859 1554378 1556016 1558695 1559252 1561932 1563569 1564088 1564647 1568407 1569485 1570044 1573802 1575439 1577040 1577595 1579197 1581911 1583515 1584592 1585149 1587305 1588910 1592148 1593227 1593777 1596465 1597015 1598624 1599172 1601329 1602942 1608883 1609419 1609958 1612117 1612658 1613736 1615349 1615350 1617506 1618055 1618584 1620741 1621820 1623451 1625056 1626689 1627213 1628292 1628848 1630448 1632604 1634244 1636916 1639075 1639644 1643388 1644466 1645040 1646619 1647698 1649359 1652010 1653089 1654757 1655246 1658480 1660639 1661233 1661715 1663874 1664951 1667107 1669261 1669264 1670338 1672492 1675723 1675728 1676795 1677425 1678950 1681098 1681103 1683245 1683250 1685396 1685399 1687536 1687541 1687544 1687550 1688604 1688607 1688610 1688611 1688614 1690752 1690755 1690759 1690762 1691822 1691823 1691826 1693973 1693979 1696125 1696127 1696130 1696860 1697198 1697940 1697942 1699023 1699025 1699353 1699356 1701185 1701187 1701508 1702267 1702269 1702581 1702584 1704430 1704431 1704732 1704738 1705513 1705514 1705803 1705811 1707657 1707676 1707677 1707960 1708760 1710106 1710111 1710114 1712004 1712005 1713088 1713090 1713337 1713342 1714412 1714415 1715253 1716554 1716560 1716563 1716566 1717416 1717419 1717422 1718505 1718506 1718509 1718696 1718701 1718706 1718711 1719756 1719759 1719764 1719767 1719773 1720671 1720674 1720677 1720678 1721762 1721763 1721766 1721892 1721897 1721901 1721906 1721910 1723927 1723931 1723937 1724009 1724016 1724017 1724023 1724026 1724032 1724034 1724038 1724043 1724047 1725020 1725023 1725025 1725028 1725029 1725033 1725036 1725041 1725042 1725045 1725051 1725055 1725058 1725063 1725066 1725069 1725071 1725074 1725075 1725078 1725085 1725088 ];
